 55 17694
 22 10281
÷ 71 8350
 45 14894
 81 28070
 23 30712
 55 15174
 75 6464
 44 23443
ٻ 39 17408
 44 28663
ອ 75 8714
Ӣ 71 30940
Ƚ 30 16499
 89 3058
 69 28508
ٻ 3 11612
 47 19666
 76 27525
 25 15324
 24 6773
ͮ 37 20736
ͩ 50 13009
 86 18355
΢ 81 14840
 27 28826
 78 977
ϼ 55 18054
꿻 24 25673
 28 2187
ѩ 43 21912
 49 27048
෼ 87 446
 81 10970
 89 20698
Է 53 23182
һ 16 27465
 32 3271
 65 21934
 54 14723
÷ 30 15959
 6 6935
 41 3730
ս 63 29852
 62 10231
 63 10412
 79 13488
ϼ 10 2799
 6 27455
ů 31 27480
ʫ 67 26976
˼ 47 4096
 64 9963
 62 15091
 40 18669
 83 892
ö 13 7752
õ 2 18091
õ 63 6812
þ 79 20778
þ 46 2385
þ 59 13468
ܷ 45 16874
 29 3358
 72 12311
Ө 2 24481
ٻ 3 21782
 53 16432
 83 21862
 10 10089
 18 31967
 21 22700
Ӣ 68 13477
 32 1741
 40 399
 80 4939
 37 5886
 47 25696
Ƚ 23 10552
Ƚ 61 28770
 64 17343
 19 20808
 3 19262
 55 2394
 51 20480
 30 10829
 68 15637
Ӣ 7 23136
ӽ 78 4487
 23 20272
 51 31820
κ 88 21597
 79 14568
 13 25662
ٻ 36 14795
Өѩ 72 19241
 27 22256
溴 59 21028
 42 10841
 77 5116
 15 20804
 36 30725
 12 16481
ٳ 22 26661
 21 2630
ٻ 75 17354
Ө 86 13045
Ϸ 5 24574
 61 16440
 43 9402
 78 30227
 28 6687
Ƚ 73 26532
 87 3146
ɽ 18 2087
 9 25298
 16 1275
 3 28982
 57 14546
 86 28615
 3 18812
 7 2256
Ӣ 71 19690
 44 1033
 42 30551
 15 10904
ޥӢ 65 9154
 6 4145
Ӣ 56 20755
 33 4622
 72 16811
ϼ 13 8922
 70 6189
 41 29380
Ƽ 61 25530
 41 15700
 23 24322
 22 4791
 25 204
 74 24733
ݼȽ 3 12782
 78 24287
 7 23496
 63 26252
 79 23478
 82 11781
 63 2852
 69 31568
 4 18723
Ƚ 56 9685
۲ 2 6571
Ƚ 56 19225
 35 20464
 21 30260
Ө 72 9341
 48 14357
 24 23783
ӨӰ 67 24276
 84 6743
 83 11422
 73 19782
˼ 12 13061
 21 20
 47 23986
 58 30567
 1 20430
ӨӨ 61 24180
 16 4515
 79 9888
 87 14396
 76 15645
Ө 34 16143
 90 3689
ӯ 11 19450
Ө 32 20191
 44 6163
 39 30908
Ц 51 19490
βU 67 13116
 79 21948
 21 13250
 58 8787
 79 28968
컨 53 22462
 54 683
 35 7684
ϼ 74 3853
 34 27753
 18 5597
ѩ 82 7191
ϣϣ 37 27666
 31 21720
¶ 71 20050
 14 19633
 10 16029
Х 33 22892
 20 20539
 11 2890
ܿ 85 23574
 4 633
˼ 35 10474
 51 32000
 60 11759
Ө 31 18750
 85 3054
 20 26929
 90 30689
Դ 8 21787
 71 27520
 73 72
 39 21368
 9 6398
 83 28702
΢ 70 1239
ǽ 64 1233
 58 25887
 32 4981
 2 2791
 86 3235
 62 16621
 21 25220
 41 16780
ȴ 17 7036
 60 8519
 28 11007
 11 31420
 32 19021
ܰ 49 20208
 10 6129
÷ 33 25952
 12 15401
 4 4413
ϼ 63 422
 83 11692
 73 3402
 56 28945
 17 29896
 37 30636
 2 13141
 82 10251
 13 13512
ٻ 17 26656
÷ 63 13022
Ҹ 45 4094
 84 15743
 21 12170
 36 20015
Ĭu 81 9890
갶 1 2070
 74 19333
Ƚ 12 4421
 64 31113
 74 5923
 23 29272
ӱ 49 24348
 69 3668
 5 3604
Ƚ 86 23755
Ө 86 25645
 21 6950
 72 22481
 37 25146
º 71 4660
 50 9049
Ƽ 70 8349
ݽ 48 6887
 19 2358
 39 19568
 56 10045
ٻ 33 31892
 48 4547
 10 32589
 60 10589
ϼ 15 9554
 44 3193
ϫ 42 10661
 24 28463
ϼ 41 18580
 24 31433
 3 13232
櫱 84 14933
 70 29319
櫼 19 1278
 74 32293
̽ 60 7169
 53 5542
 21 8570
ӱȽ 76 31845
 60 30299
 10 5769
 58 16707
άӢ 9 16118
 36 11555
 42 18941
Ƚ 34 9663
ʢ 25 564
 30 18839
СӢ 11 6490
Ƚ 61 17340
 44 5443
 38 5527
 8 16657
 42 22451
ӱ 73 11592
ѩ 32 29191
õ 2 23941
 49 3918
ӣ 68 30937
ӯ 46 27765
Ө 27 14876
Ө 58 27687
ӨѮ 81 1970
 24 22523
ӻ 22 5781
 84 17363
ѩ 80 23209
 18 28007
 33 22172
 18 287
ѩ 21 12260
ף 29 13978
ת 40 20379
 14 2713
Ƚ 4 24393
 15 18734
 13 10452
 18 29267
 41 23350
 83 5212
ھ 70 429
䷼ 70 21219
 81 10610
Ϸ 39 17948
ڽ 7 21066
 45 32174
Ө 85 26724
짺 78 2957
˼ 6 14945
 48 24167
 34 13443
֪ 21 12440
 5 12874
 71 14290
 77 526
纭 7 25296
 19 21078
 71 7630
˫ 16 16125
ӯ 50 7069
÷ 45 9314
Ƽ 17 20626
֮ 2 20791
Ϻ 47 30106
ŷ 89 13228
 14 23863
֥ 30 17669
 8 28987
l 38 20197
ϣ 24 10103
֥ 38 16327
ϣ 18 27827
 4 12423
Ѷ 5 16564
ӱ 1 2790
 30 21269
賩 1 360
 18 12347
 40 19209
 16 18105
 25 27024
˼ 70 4299
㺭 1 14220
 90 19169
 32 9031
Ө 76 10065
 59 26158
ӱ 25 12444
ٻ 64 17523
ͮ 33 22262
 32 32521
 10 19179
ٻ 54 12833
 54 5723
 39 27848
 22 11811
 33 29282
 80 18979
ϼ 69 23828
 3 32402
ٻ 49 20568
 70 10419
 12 9551
㷼 30 4709
 61 1680
 80 2869
 64 24453
 68 27337
ϣ 21 25490
ޱ 22 20451
Өõ 78 21407
Ө 64 18513
Ӯ 62 7351
Ө 75 12674
 39 218
˼ 7 24216
 22 17211
ع 71 14380
Ԫ 17 23416
Ө 72 27431
˼ 28 3987
 78 10067
ӱ 21 4790
Ӱ 70 13209
Ӱ 46 30465
 2 3331
 8 29437